	gdp ( bil)	c ($bil)	cd (durable goods consumption $bil)	cn (nondurables consumption $bil)	cs (services consumption $bil)	I (gross private domestic investment $bil)	jgdp (gdp chain price index 2000=100)	ln16n (noninstitutional pop 16yr + in thousands)	ycomp (compensation of employees paid $bil)	lxnfh (nonfarm business sector: hours of all persons 1992=100)		ffed (federal funds rate: effective)
1947 - Q1	237.2	156.3	20.7	74.9	60.7	33.7	13.4		127.2	45.361		
1947 - Q2	240.4	160.2	21.4	76.9	61.9	32.4	13.595		128.7	45.364		
1947 - Q3	244.5	163.7	21.8	78.6	63.3	32.7	13.823		130.1	45.487		
1947 - Q4	254.3	167.8	23.5	80	64.4	41	14.106		134.3	45.93		
1948 - Q1	260.3	170.5	23.5	81.5	65.4	45	14.264	102691	137.9	46.223		
1948 - Q2	267.3	174.3	24	83.2	67.1	48.1	14.422	102915	139.6	46.199		
1948 - Q3	273.8	177.2	25.3	83.5	68.5	50.2	14.679	103249	144.5	46.528		
1948 - Q4	275.1	178.1	25	83.7	69.4	49.1	14.676	103418	145.9	46.097		
1949 - Q1	269.9	177	24.4	82.7	69.8	40.9	14.634	103584	144.1	45.32		
1949 - Q2	266.2	178.6	26.4	81.9	70.3	34	14.541	103838	141.9	44.562		
1949 - Q3	267.6	178	27.3	80.3	70.4	37.3	14.419	104127	141	44.095		
1949 - Q4	265.2	180.4	28.4	80.9	71.1	35.2	14.416	104428	140.5	43.918		
1950 - Q1	275.2	183.1	29.3	81.5	72.3	44.4	14.362	104733	144.6	44.258		
1950 - Q2	284.5	187	29.8	82.8	74.4	49.9	14.421	105020	150.6	45.351		
1950 - Q3	301.9	200.7	37.4	86.6	76.7	56.1	14.714	105248	159	46.781		
1950 - Q4	313.3	198.1	33.3	86.7	78.2	65.9	14.964	104982	166.9	47.212		
1951 - Q1	329	209.4	35.6	92	81.8	62.1	15.48	104692	175	48.006		
1951 - Q2	336.6	205.1	30.7	91.4	83	64.8	15.568	104507	180.6	48.392		
1951 - Q3	343.5	207.8	30.2	93.2	84.4	59.4	15.619	104543	183.7	47.914		
1951 - Q4	347.9	211.8	30.4	95.5	85.9	54.4	15.821	104747	186.5	47.936		
1952 - Q1	351.2	213.1	30.8	94.8	87.6	55.2	15.838	104863	191.5	48.245		
1952 - Q2	352.1	217.3	31	96.6	89.7	49.9	15.905	105007	192.8	48.045		
1952 - Q3	358.5	219.8	29.5	98.5	91.8	53.9	16.025	105343	196.3	48.39		
1952 - Q4	371.4	227.9	33.7	100.3	93.9	57.1	16.081	105703	204.1	49.685		
1953 - Q1	378.4	231.5	35.2	100.5	95.8	57.9	16.096	106672	208	50.201		
1953 - Q2	382	233.3	35	100.6	97.7	58.1	16.133	106905	211.3	50.289		
1953 - Q3	381.1	234	34.6	99.8	99.6	57.4	16.187	107140	211.5	49.787		
1953 - Q4	375.9	233.5	33.7	100	99.8	52.3	16.241	107503	210	49.003		
1954 - Q1	375.2	235.5	32.9	101.3	101.3	51.5	16.309	107877	208.1	48.345		
1954 - Q2	376	238.3	33.6	101.3	103.3	51.2	16.334	108177	207.7	47.981		
1954 - Q3	380.8	240.7	33.2	102.2	105.3	54.7	16.324	108443	208.3	47.793		?1.03
1954 - Q4	389.4	245.5	35.1	103.4	107	57.8	16.343	108786	212.6	48.392		0.99
1955 - Q1	402.6	251.8	38.4	104.5	108.9	64.2	16.407	109130	217.1	49.172		1.34
1955 - Q2	410.9	256.9	40.7	106.1	110.1	68.1	16.497	109534	223.6	49.812		1.5
1955 - Q3	419.4	261.1	42.4	106.9	111.8	70	16.617	109884	228.6	50.33		1.94
1955 - Q4	426	265.1	41.4	109	114.7	73.9	16.727	110186	233.6	50.94		2.36
1956 - Q1	428.3	266.7	39.7	110.5	116.5	73	16.891	110483	238	51.249		2.48
1956 - Q2	434.2	269.4	39.8	111.3	118.3	71.4	17.05	110788	242.6	51.36		2.69
1956 - Q3	439.2	272.6	39.7	112.4	120.5	72.5	17.244	111113	245.7	51.155		2.81
1956 - Q4	448.1	278	41.5	113.7	122.8	71.2	17.348	111431	251.6	51.438		2.93
1957 - Q1	457.2	282.4	42.6	115.4	124.4	71.8	17.55	111720	255.3	51.484		2.93
1957 - Q2	459.2	284.7	42.2	116.5	126.1	71.9	17.671	112045	257	51.375		3
1957 - Q3	466.4	289.3	41.9	119.4	128.1	73.2	17.809	112431	259.7	51.126		3.23
1957 - Q4	461.5	291	41.5	119.1	130.4	64.9	17.904	112866	258.1	50.067		3.25
1958 - Q1	453.9	290.5	39.4	119.9	131.3	60.5	18.056	113236	255.2	48.934		1.86
1958 - Q2	458	293.4	38.6	121.2	133.6	58.7	18.134	113532	254.8	48.232		0.94
1958 - Q3	471.7	298.5	39.4	123	136	65.5	18.179	113846	260.9	48.806		1.32
1958 - Q4	485	302.3	40.7	124.1	137.5	73.2	18.199	114283	267.2	49.535		2.16
1959 - Q1	495.5	310.1	43.6	126.1	140.3	76.2	18.267	114714	274.5	50.493		2.57
1959 - Q2	508.5	316.1	45.5	127.2	143.5	82.2	18.309	115139	281.6	51.459		3.08
1959 - Q3	509.3	321.3	46.3	128.2	146.8	76.4	18.369	115551	282.3	51.308		3.58
1959 - Q4	513.2	323.4	44.1	129.5	149.8	79.3	18.446	115918	285.5	51.315		3.99
1960 - Q1	527	326.9	45.5	129.6	151.9	89.1	18.483	116708	294.1	51.632		3.93
1960 - Q2	526.2	332.8	46.4	132	154.4	79.7	18.561	117037	296.9	51.724		3.7
1960 - Q3	529	332.8	45.9	131.6	155.3	78.7	18.646	117411	297.6	51.431		2.94
1960 - Q4	523.7	334.7	44.7	132.4	157.6	68.1	18.726	117824	297.1	50.953		2.3
1961 - Q1	528	335.2	42.2	133.4	159.6	70.3	18.75	118254	298	50.667		2
1961 - Q2	539	340.2	43.3	134.2	162.6	75.8	18.786	118636	302.2	50.549		1.73
1961 - Q3	549.5	343.1	44.6	134.6	163.9	82.4	18.835	119001	307.2	50.846		1.68
1961 - Q4	562.6	350.3	46.7	136.2	167.5	84.2	18.884	119190	313.8	51.492		2.4
1962 - Q1	576.1	355.6	47.7	137.8	170.1	89.4	18.992	119379	320.4	51.681		2.46
1962 - Q2	583.2	361.2	49	138.7	173.4	87.9	19.04	119819	326.4	52.297		2.61
1962 - Q3	590	365.1	49.6	140	175.6	89.3	19.091	120368	329.2	52.188		2.85
1962 - Q4	593.3	371.4	51.5	141.5	178.4	86	19.159	121046	332.6	51.856		2.92
1963 - Q1	602.5	375	52.6	142.5	179.9	90.5	19.213	121640	337.5	52.171		2.97
1963 - Q2	611.2	379.1	53.9	142.8	182.4	92.2	19.232	122167	342.4	52.501		2.96
1963 - Q3	623.9	386.1	54.7	145.2	186.2	95	19.266	122670	347.4	52.643		3.33
1963 - Q4	633.5	390.7	55.7	145.3	189.7	97.4	19.382	123189	353.6	53.052		3.45
1964 - Q1	649.6	400.4	58	148.7	193.7	100.7	19.452	123708	360	54.037		3.46
1964 - Q2	658.9	408.4	59.5	151.5	197.4	100.6	19.518	124203	367.4	54.272		3.49
1964 - Q3	670.5	417.3	61.4	154.9	201	102.5	19.614	124739	374.7	54.62		3.46
1964 - Q4	675.6	419.8	59.4	155.8	204.7	104.6	19.704	125289	380.7	55.151		3.58
1965 - Q1	695.7	430.5	64.9	157.8	207.9	115.7	19.788	125814	387.3	56.012		3.97
1965 - Q2	708.1	437.5	64.8	160.8	211.9	115.8	19.876	126325	394.1	56.568		4.08
1965 - Q3	725.2	446.6	66.7	164.1	215.9	119.7	19.963	126745	402.3	56.701		4.07
1965 - Q4	747.5	460.6	69.1	170.5	220.9	121.8	20.086	127169	414.3	57.238		4.17
1966 - Q1	770.8	471	72.3	174.1	224.6	131.7	20.209	127511	426.7	58.064		4.56
1966 - Q2	779.9	476.1	69.7	177.2	229.2	130.7	20.401	127869	437.8	58.634		4.91
1966 - Q3	793.1	485.3	72.3	179.8	233.2	130.2	20.591	128234	449	58.908		5.41
1966 - Q4	806.9	491.1	72.6	180.4	238.1	132.7	20.772	128617	457.1	58.749		5.56
1967 - Q1	817.8	495.4	71.1	182.4	241.9	129.3	20.874	129044	463.3	58.683		4.82
1967 - Q2	822.3	504.6	74.5	184	246	123.7	21.002	129527	469	58.324		3.99
1967 - Q3	837	511.8	74.7	185.8	251.3	128.5	21.194	130166	478.7	58.516		3.89
1967 - Q4	852.7	519.4	75.6	187.9	255.8	132.9	21.426	130757	489.7	58.782		4.17
1968 - Q1	879.8	537.3	80.9	193.5	263	137.2	21.658	131267	504.5	58.886		4.79
1968 - Q2	904.1	551.1	83.1	197.8	270.3	143.4	21.9	131712	517.6	59.451		5.98
1968 - Q3	919.3	567.3	87.5	202.8	276.9	139.7	22.111	132250	531.4	59.867		5.94
1968 - Q4	936.2	576.2	87.8	205	283.4	144.4	22.418	132880	543.8	60.237		5.92
1969 - Q1	960.9	588.4	90	208.8	289.6	155.7	22.644	133476	555.9	60.801		6.57
1969 - Q2	976.1	599.8	90.4	212.2	297.1	155.7	22.946	134020	569.8	61.364		8.33
1969 - Q3	996.3	610.1	90.6	216	303.5	160.3	23.279	134595	586.6	61.658		8.98
1969 - Q4	1004.5	622.1	90.8	219.7	311.5	154.1	23.571	135247	598.2	61.471		8.94
1970 - Q1	1017.1	633.2	89.6	224.5	319.1	150.7	23.898	135950	608.6	61.228		8.57
1970 - Q2	1033.1	643.1	91	226.5	325.6	153.9	24.241	136677	614.2	60.421		7.88
1970 - Q3	1050.5	655.1	92	229.7	333.4	156.1	24.432	137456	622.2	60.114		6.7
1970 - Q4	1052.7	661.8	87.3	234.5	340	148.9	24.742	138260	623.9	59.656		5.57
1971 - Q1	1098.1	680.8	98.1	235.8	346.9	171.3	25.115	139034	641.6	59.937		3.86
1971 - Q2	1118.8	694.9	101	238.8	355	178.8	25.451	139827	653.7	60.13		4.56
1971 - Q3	1139.1	707.3	103.4	240.4	363.4	183.4	25.705	140603	664.1	60.131		5.47
1971 - Q4	1151.4	723.5	107.3	243.6	372.6	179.2	25.909	141402	676.3	60.774		4.75
1972 - Q1	1190.1	740.9	110.7	247	383.1	193.2	26.333	143005	701.1	61.515		3.54
1972 - Q2	1225.6	759.4	114.1	254.3	391	206.5	26.486	143759	715.8	61.956		4.3
1972 - Q3	1249.3	777.9	117.6	260.1	400.3	212.4	26.728	144523	729.7	62.304		4.74
1972 - Q4	1286.6	802.7	123.4	268.1	411.2	218.4	27.041	145215	753.9	62.955		5.14
1973 - Q1	1335.1	827.3	131.8	275.5	420	232.5	27.394	145964	781.7	63.906		6.54
1973 - Q2	1371.5	842.9	131.3	281.4	430.2	246	27.851	146720	800.8	64.575		7.82
1973 - Q3	1390.7	861.4	130.8	289.9	440.6	241.8	28.383	147478	819.9	65.011		10.56
1973 - Q4	1431.8	876.5	128.2	297.7	450.6	257.6	28.869	148226	842.5	65.334		10
1974 - Q1	1446.5	894.7	126.7	308.9	459.2	244.1	29.465	148987	860.7	65.055		9.32
1974 - Q2	1484.8	923.2	130.6	318	474.6	252.3	30.125	149747	881.4	65.226		11.25
1974 - Q3	1513.7	952	136.3	327.7	488	245.4	31.063	150498	903.1	64.999		12.09
1974 - Q4	1552.8	961.8	127.1	330.9	503.8	255.8	32.022	151253	915.8	63.924		9.35
1975 - Q1	1569.4	988.1	131.8	336.2	520.1	218.7	32.76	151987	919.5	61.919		6.3
1975 - Q2	1605	1016.8	136.7	344.8	535.3	216.8	33.237	152708	931.7	61.347		5.42
1975 - Q3	1662.4	1050.6	146.8	356	547.9	237.8	33.857	153579	957.7	61.909		6.16
1975 - Q4	1713.9	1079.6	153.4	359.7	566.5	247.6	34.454	154336	987.6	62.972		5.41
1976 - Q1	1771.9	1113.4	163.3	367.4	582.6	274.8	34.841	155075	1022.4	64.013		4.83
1976 - Q2	1804.2	1133	165.9	373.1	594.1	291.6	35.208	155774	1046.1	64.036		5.2
1976 - Q3	1837.7	1162.4	169.8	380.6	612	296.5	35.68	156527	1070.8	64.291		5.28
1976 - Q4	1884.5	1196.2	175.5	389.6	631.1	304.9	36.291	157222	1098.1	64.635		4.87
1977 - Q1	1938.5	1231.7	183.9	396.5	651.3	326.6	36.901	157911	1127	65.323		4.66
1977 - Q2	2005.2	1259.7	189.2	403.7	666.7	354.9	37.491	158652	1164.4	66.569		5.16
1977 - Q3	2066	1290.9	194	409.9	687	378.4	38.009	159430	1196.9	67.282		5.82
1977 - Q4	2110.8	1329.1	200.7	423.6	704.8	385.5	38.652	160140	1233.7	67.939		6.51
1978 - Q1	2149.1	1359.1	198.2	431.1	729.8	396.8	39.29	160829	1269.7	68.253		6.76
1978 - Q2	2274.7	1416.7	216.2	444.8	755.7	430.9	40.048	161525	1317.9	70.249		7.28
1978 - Q3	2335.2	1447.7	216.7	455.6	775.4	451.4	40.741	162265	1354.8	70.84		8.1
1978 - Q4	2416	1487	222.3	469.4	795.3	472.8	41.571	163024	1399.3	71.699		9.58
1979 - Q1	2463.3	1522.6	223.3	484.6	814.7	481.1	42.334	163756	1443.5	72.208		10.07
1979 - Q2	2526.4	1563.2	222.1	500.1	841	493	43.364	164447	1475.2	72.501		10.18
1979 - Q3	2599.7	1617.7	230.9	522.3	864.4	497.9	44.26	165200	1516.2	73.109		10.95
1979 - Q4	2659.4	1661.2	229	539.4	892.8	499.5	45.136	166055	1558.2	73.252		13.58
1980 - Q1	2724.1	1708	232.1	559.9	916	505.2	46.126	166762	1599	73.077		15.05
1980 - Q2	2728	1710	211.9	565.9	932.2	470.4	47.156	167416	1621.3	71.802		12.69
1980 - Q3	2785.2	1768.7	225.4	576.5	966.9	443.5	48.232	168111	1653.5	71.473		9.84
1980 - Q4	2915.3	1836.6	236.2	591.3	1009.1	497.9	49.591	168694	1716.5	72.355		15.85
1981 - Q1	3051.4	1892.4	246	614	1032.3	563.1	50.894	169279	1768.9	72.754		16.57
1981 - Q2	3084.3	1924	240.9	622.8	1060.2	551.4	51.802	169837	1801.9	72.78		17.78
1981 - Q3	3177	1963.4	251.9	629.1	1082.4	592.8	52.754	170413	1840	72.755		17.58
1981 - Q4	3194.7	1978.2	236.8	635.7	1105.7	582.2	53.674	170990	1867.9	72.475		13.59
1982 - Q1	3184.9	2016.2	246.4	639.9	1129.9	526.5	54.43	171497	1891.8	71.308		14.23
1982 - Q2	3240.9	2042.7	249.2	638.7	1154.7	530.8	55.105	172020	1911.1	71.584		14.51
1982 - Q3	3274.4	2090.7	252.1	649.7	1188.9	528.7	55.87	172522	1930.8	71.077		11.01
1982 - Q4	3312.5	2152.4	264.4	656.7	1231.3	482.9	56.463	173046	1944.8	70.434		9.29
1983 - Q1	3381	2192.2	268.9	657	1266.3	496.6	56.946	173505	1972.7	70.847		8.65
1983 - Q2	3482.2	2256.4	289.6	673	1293.7	542.2	57.362	173957	2010.5	71.638		8.8
1983 - Q3	3587.1	2326.5	302.4	688.4	1335.7	577.7	57.947	174449	2052.4	73.047		9.46
1983 - Q4	3688.1	2379.2	319.3	696.5	1363.4	640.7	58.366	174950	2106.5	74.414		9.43
1984 - Q1	3807.4	2425.5	331.4	706.5	1387.6	709.7	59.091	175679	2176	75.841		9.69
1984 - Q2	3906.3	2484.1	341.3	722.4	1420.5	735.1	59.624	176125	2225.7	76.848		10.56
1984 - Q3	3976	2522.8	342.1	724.6	1456.1	753.5	60.111	176595	2270.9	77.201		11.39
1984 - Q4	4034	2572	353.8	732.8	1485.3	744.3	60.466	177132	2309.3	77.71		9.27
1985 - Q1	4117.2	2643.4	368	742.4	1533	720	61.157	177522	2353.7	78.346		8.48
1985 - Q2	4175.7	2687.4	373.3	752.8	1561.4	735.3	61.471	177946	2389.2	78.854		7.92
1985 - Q3	4258.3	2755.9	396.5	760.5	1598.9	727.2	61.763	178413	2427.9	79.067		7.9
1985 - Q4	4318.7	2783.7	383.8	773.3	1626.6	762.2	62.142	178941	2476.1	79.441		8.1
1986 - Q1	4382.4	2827.2	391.6	779.3	1656.4	763.8	62.457	179825	2510	79.328		7.83
1986 - Q2	4423.2	2859.2	407.3	767.5	1684.4	753	62.769	180321	2533.3	79.141		6.92
1986 - Q3	4491.3	2930.6	445.7	771	1713.9	732.5	63.165	180836	2569.2	79.541		6.21
1986 - Q4	4543.3	2969.9	441.1	779	1749.8	736.7	63.622	181365	2618.2	80.145		6.27
1987 - Q1	4611.1	3004.8	418.5	797.4	1788.9	765	64.122	182001	2664.5	81.105		6.22
1987 - Q2	4686.7	3071.9	439.1	812.3	1820.5	767.6	64.482	182527	2706.2	81.568		6.65
1987 - Q3	4764.5	3138.3	460.5	820.7	1857.1	769.5	64.99	183016	2752.7	82.137		6.84
1987 - Q4	4883.1	3173	449.9	826.8	1896.2	837.8	65.456	183467	2819.2	82.985		6.92
1988 - Q1	4948.6	3253.5	470.4	838.4	1944.7	797.6	65.982	183967	2869.1	83.058		6.66
1988 - Q2	5059.3	3313	473.2	853.5	1986.3	820.4	66.618	184389	2932.3	84.246		7.16
1988 - Q3	5142.8	3380.4	470.4	870.8	2039.2	825.7	67.408	184840	2981	84.477		7.98
1988 - Q4	5251	3453.3	486.2	886.3	2080.8	842.6	67.952	185253	3034.2	85.414		8.47
1989 - Q1	5360.3	3507.7	486.4	902.5	2118.7	884.1	68.662	185773	3078.5	86.253		9.44
1989 - Q2	5453.6	3570	493.3	927.7	2148.9	878.2	69.346	186178	3107.8	86.598		9.73
1989 - Q3	5532.9	3626.8	505.6	936.3	2184.8	870.3	69.816	186602	3144.4	86.793		9.08
1989 - Q4	5581.7	3673.5	491.9	951.3	2230.3	867.3	70.256	187018	3194.6	86.805		8.61
1990 - Q1	5708.1	3758.7	515.4	974.2	2269.2	880	71.109	188520	3259	87.01		8.25
1990 - Q2	5797.4	3811.8	498.4	980.9	2332.6	882.5	71.936	188916	3317.4	86.558		8.24
1990 - Q3	5850.6	3875.2	493.6	1003.1	2378.5	866.8	72.604	189353	3358.5	85.978		8.16
1990 - Q4	5846	3896	480.9	1018.8	2396.3	814.6	73.202	189866	3370.1	85.555		7.74
1991 - Q1	5880.2	3909.7	471.7	1014.1	2423.9	787.9	73.985	190272	3385	84.653		6.43
1991 - Q2	5962	3963.3	475.2	1021.8	2466.3	784.1	74.503	190656	3419.4	84.129		5.86
1991 - Q3	6033.7	4008.7	484.3	1024.4	2500	805.3	75.067	191121	3455.3	84.028		5.64
1991 - Q4	6092.5	4038.6	477.5	1020.7	2540.4	834.3	75.492	191651	3493.6	83.924		4.82
1992 - Q1	6190.7	4140.1	496.2	1037.7	2606.3	810.2	75.919	192075	3561.1	83.516		4.02
1992 - Q2	6295.2	4193.5	501	1047.2	2645.3	865.4	76.371	192507	3612.7	83.851		3.77
1992 - Q3	6389.7	4267.7	512.1	1061.1	2694.5	876.8	76.71	193024	3656.6	84.007		3.26
1992 - Q4	6493.6	4346.2	523.1	1074.8	2748.4	906.7	77.146	193616	3695.4	84.575		3.04
1993 - Q1	6544.5	4384.9	527.9	1079.1	2777.9	931.3	77.62	194106	3732.2	85.307		3.04
1993 - Q2	6622.7	4452.1	547.8	1086.3	2817.9	942.3	78.042	194555	3777.3	86.315		3
1993 - Q3	6688.3	4516.3	556.6	1092.5	2867.1	943.4	78.409	195068	3819.8	86.716		3.06
1993 - Q4	6813.8	4581.1	573.8	1105.3	2902	996.4	78.816	195621	3859.2	87.426		2.99
1994 - Q1	6916.3	4650.4	588.8	1116.8	2944.7	1043.6	79.25	196085	3926.9	87.775		3.21
1994 - Q2	7044.3	4709.8	598.7	1128.1	2983	1106.9	79.633	196522	3978.6	89.262		3.94
1994 - Q3	7131.8	4786.3	609.3	1149.6	3027.4	1092.9	80.08	197050	4016.4	90.327		4.49
1994 - Q4	7248.2	4856.7	631.8	1163	3061.8	1145.7	80.503	197601	4072.2	90.871		5.17
1995 - Q1	7307.7	4888.7	621.2	1166.9	3100.6	1160.6	80.985	197882	4135.5	91.489		5.81
1995 - Q2	7355.8	4957.5	626.9	1177	3153.6	1132.7	81.346	198296	4171.3	91.542		6.02
1995 - Q3	7452.5	5022.9	642.5	1183.7	3196.7	1126.2	81.691	198807	4216.4	92.489		5.8
1995 - Q4	7542.5	5080.1	652.3	1191.7	3236.2	1156.7	82.11	199352	4257.5	92.579		5.72
1996 - Q1	7638.2	5156.5	659.8	1211.2	3285.5	1170	82.554	199776	4295.5	92.432		5.36
1996 - Q2	7800	5248.8	676.3	1239.5	3332.9	1227.8	82.859	200279	4364.3	93.197		5.24
1996 - Q3	7892.7	5304.4	679.4	1246.5	3378.5	1279.8	83.269	200850	4423.4	93.925		5.31
1996 - Q4	8023	5384.7	689.6	1268.3	3426.8	1283.1	83.65	201457	4482.2	95.084		5.28
1997 - Q1	8137	5467.1	705.6	1281.1	3480.4	1320.6	84.075	202396	4554.7	96.155		5.28
1997 - Q2	8276.8	5504	696.6	1277.9	3529.5	1385	84.45	202835	4617.9	96.687		5.52
1997 - Q3	8409.9	5613.3	722.8	1297.7	3592.9	1414.9	84.686	203367	4695.2	97.23		5.53
1997 - Q4	8505.7	5698.1	737.1	1308.2	3652.8	1434.1	85.007	203935	4794.7	97.711		5.51
1998 - Q1	8600.6	5757.5	737.9	1307.3	3712.3	1494.9	85.134	204395	4898.4	98.263		5.52
1998 - Q2	8698.6	5870.2	769.8	1320.8	3779.6	1471.5	85.344	204905	4982	98.689		5.5
1998 - Q3	8847.2	5968	786	1335.8	3846.2	1512.7	85.663	205483	5065.4	98.849		5.53
1998 - Q4	9027.5	6078.2	826.4	1356.2	3895.7	1564	85.888	206098	5147.1	100.22		4.86
1999 - Q1	9148.6	6157.4	821.3	1385.8	3950.3	1617.3	86.252	206876	5246.4	100.25		4.73
1999 - Q2	9252.6	6290	856.4	1419.2	4014.3	1604.7	86.615	207432	5297.9	100.941		4.75
1999 - Q3	9405.1	6398.9	873.1	1441.3	4084.4	1644.5	86.919	208044	5372	101.619		5.09
1999 - Q4	9607.7	6524.9	878.6	1484.2	4162.1	1699.5	87.275	208660	5499.4	101.94		5.31
2000 - Q1	9709.5	6683	923.5	1494.3	4265.1	1688.8	87.939	211586	5692.1	102.353		5.68
2000 - Q2	9949.1	6775.7	905	1537.7	4332.9	1810.9	88.386	212242	5731.4	102.399		6.27
2000 - Q3	10017.5	6881.7	915	1560.5	4406.2	1791.7	88.908	212919	5845.8	102.387		6.52
2000 - Q4	10129.8	6981.1	919.5	1580.9	4480.7	1797.4	89.359	213560	5886.1	101.985		6.47
2001 - Q1	10165.1	7058.1	930.9	1575.9	4551.4	1701.3	89.977	214101	5993.9	101.83		5.59
2001 - Q2	10301.3	7118.7	923.9	1594.5	4600.3	1699.4	90.603	214736	5979.9	100.775		4.33
2001 - Q3	10305.2	7151.2	928.9	1595.1	4627.3	1670.4	90.891	215422	5965.8	99.608		3.5
2001 - Q4	10373.1	7267.2	1001.7	1585.2	4680.3	1576.6	91.144	216112	5977.7	98.47		2.13
2002 - Q1	10498.7	7309	981.3	1588.3	4739.4	1628	91.469	216664	6038.4	97.63		1.73
2002 - Q2	10601.9	7403.4	986.4	1612.8	4804.1	1648.1	91.873	217204	6101.3	97.818		1.75
2002 - Q3	10701.7	7491.2	1010.4	1621.6	4859.2	1650.4	92.282	217868	6128.8	97.522		1.74
2002 - Q4	10766.9	7553.2	990.3	1648.8	4914.1	1661.3	92.828	218543	6174.7	97.639		1.44
2003 - Q1	10888.4	7646.9	979.4	1695.7	4971.8	1671.5	93.501	220109	6255.8	97.087		1.25
2003 - Q2	11008.1	7723.8	1007.3	1674.8	5041.7	1678.6	93.78	220774	6346.3	96.801		1.25
2003 - Q3	11255.7	7882.5	1037.5	1732.3	5112.6	1745.1	94.304	221513	6425.6	96.948		1.02
2003 - Q4	11416.5	7962.8	1035	1747.6	5180.3	1823.6	94.813	222276	6502.6	97.417		1
2004 - Q1	11597.2	8105.3	1045.9	1789.2	5270.3	1853.6	95.624	222356	6539.8	97.841		1
2004 - Q2	11778.4	8209.4	1052.3	1810.5	5346.6	1956	96.441	222973	6636.4	97.904		1.01
2004 - Q3	11950.5	8330.7	1065	1834.4	5431.3	2001.3	97.146	223680	6756.3	98.449		1.44
2004 - Q4	12144.9	8494.9	1083.1	1888.7	5523.1	2063.2	97.864	224418	6841.2	99.094		1.95
2005 - Q1	12379.5	8609.6	1089.2	1908.1	5612.3	2130.7	98.774	225038	6921.1	99.291		2.47
2005 - Q2	12516.8	8747.2	1117.9	1929.4	5699.9	2115.2	99.445	225674	7003.6	99.907		2.94
2005 - Q3	12741.6	8908.8	1122.5	2002	5784.4	2166.6	100.47	226422	7128.4	100.084		3.46
2005 - Q4	12915.6	9010.3	1092.3	2034.2	5883.7	2276.3	101.312	227196	7207.1	100.714		3.97
2006 - Q1	13183.5	9148.2	1132.5	2048.3	5967.4	2336.5	102.071	227764	7353.7	101.695		4.46
2006 - Q2	13347.8	9266.6	1125.1	2081.4	6060.1	2352.1	102.98	228433	7419.9	101.891		4.9
2006 - Q3	13452.9	9391.8	1132.4	2118.1	6141.3	2333.5	103.763	229166	7484.1	102.411		5.25
2006 - Q4	13611.5	9484.1	1142.2	2106.9	6235	2286.5	104.237	229896	7650.3	102.723		5.25
2007 - Q1	13789.5	9632.8	1149.8	2143.9	6339	2277.4	105.366	230839	7756.4	102.712		5.26
2007 - Q2	14008.2	9753.2	1158.7	2184.7	6409.8	2329.6	106.188	231482	7814.4	103.07		5.25
2007 - Q3	14158.2	9850.8	1163.2	2206.6	6481.1	2313.4	106.709	232210	7868.5	102.736		5.07
2007 - Q4	14291.3	9988.4	1166	2257.8	6564.6	2260.4	106.94	232937	7984.3	102.453		4.5
2008 - Q1	14328.4	10065.7	1131.1	2284.3	6650.3	2198.8	107.454	232807	8082.2	102.135		3.18
2008 - Q2	14471.8	10183	1117.1	2341.6	6724.3	2170.9	108.295	233410	8077.3	101.705		2.09
2008 - Q3	14484.9	10202	1080.2	2369.9	6751.9	2111.3	109.488	234110	8082.9	100.544		1.94
2008 - Q4	14191.2	9967.2	1005.6	2188.4	6773.3	1905.8	109.154	234825	8000.7	98.03		0.51
2009 - Q1	14049.7	9913	1012.2	2146.2	6754.6	1640.4	109.465	234913	7797.7	95.526		0.18
2009 - Q2	14034.5	9920.1	1004.7	2170.7	6744.7	1530.2	109.555	235459	7819	93.451		0.18
2009 - Q3	14114.7	10040.7	1045.2	2231	6764.6	1548.5	109.759	236093	7798.7	92.315		0.16
2009 - Q4	14277.3	10131.5	1043.9	2269	6818.6	1637.7	109.693	236739	7831.4	92.331		0.12
2010 - Q1	14446.4	10230.8	1060.7	2319.3	6850.9	1739.7	109.959	236996	7858.1	92.426		0.13
2010 - Q2	14578.7	10285.4	1074.1	2303.4	6907.9	1841.8	110.485	237506	7969.9	93.189		0.19
2010 - Q3	14745.1	10366.3	1087.8	2331.8	6946.7	1907.2	111.06	238104	8036.2	93.518		0.19
2010 - Q4	14871.4	10513.6	1134.8	2390.8	6988.1	1821.3	111.166	238711	8100.3	93.849		0.19
2011- Q1	15010.3	10668.2	1158.1	2467.2	7042.9	1881.9	111.691	238852	8146.3	94.201		0.16
2011 - Q2	15197.3	10797.8	1161.1	2519.9	7116.8	1912.7	112.4	239311	8234.2	95.1		0.16
