	rgdp	rc	rinv	hours	wage	core inf	ffed
1954 - Q4	1.80115761	0.955792727	5.100262721	5.376325081	0.79777921		0.99
1955 - Q1	2.627083589	0.709227363	9.224870254	5.389157743	0.495576598		1.34
1955 - Q2	1.12407183	0.386992196	4.950775731	5.398394135	1.656910134		1.5
1955 - Q3	1.003726048	0.105904038	2.211462094	5.405549276	1.176960815		1.94
1955 - Q4	0.62717322	1.326244521	1.613099421	5.414851842	0.958935083		2.36
1956 - Q1	-0.706403308	0.219557755	-3.525657766	5.418207662	1.261278664		2.48
1956 - Q2	0.155530256	-0.07374233	-2.552510949	5.417614414	1.697976909		2.69
1956 - Q3	-0.279365671	0.002722299	-0.529067819	5.410685757	1.669670307		2.81
1956 - Q4	1.119069875	0.646819819	-0.442440489	5.413344853	1.821228571		2.93
1957 - Q1	0.593761038	-0.030986509	0.080475815	5.411648558	1.370491856		2.93
1957 - Q2	-0.541085007	0.142070463	-1.240158523	5.406624316	0.875616762		3
1957 - Q3	0.433959653	0.878655608	-0.249213464	5.398326693	1.530953252		3.23
1957 - Q4	-1.974335936	-0.072932304	-8.777751709	5.373534053	1.47510537		3.25
1958 - Q1	-2.83318945	-0.533439905	-7.476264127	5.347371534	1.159010178		1.86
1958 - Q2	0.207108585	0.770646873	-3.329188527	5.330311185	1.288112244		0.94
1958 - Q3	2.423363123	1.149478892	6.996815126	5.339379818	1.182771351		1.32
1958 - Q4	2.287496448	0.467179585	7.738261888	5.350374882	0.903401522		2.16
1959 - Q1	1.392471116	1.106387235	4.300906355	5.365765858	0.77985969		2.57
1959 - Q2	1.990325288	0.927286329	5.786546852	5.381018499	0.658570205	0.51	3.08
1959 - Q3	-0.527159735	0.928576618	-4.678502707	5.374507914	0.542139963	0.65	3.58
1959 - Q4	0.027426156	0.816123799	-0.166537754	5.371473282	1.113527218	0.57	3.99
1960 - Q1	1.773902571	-0.130521836	7.808041565	5.370839766	2.351928825	0.32	3.93
1960 - Q2	-0.854542979	1.058604055	-7.225842409	5.369804986	0.769528109	0.39	3.7
1960 - Q3	-0.245245305	-0.60152284	-1.972615292	5.360933723	0.803570812	0.4	2.94
1960 - Q4	-1.786210306	0.295452751	-10.72849398	5.348084873	0.765594382	0.33	2.3
1961 - Q1	0.325359469	0.536799831	-0.758680515	5.338813177	0.865353212	0.17	2
1961 - Q2	1.547599967	0.807948522	5.186696718	5.3332564	1.632721156	0.33	1.73
1961 - Q3	1.361635875	-0.030229313	5.854676591	5.33604278	1.055165765	0.44	1.68
1961 - Q4	1.937499861	1.275598909	2.606146286	5.347080817	0.863183989	0.25	2.4
1962 - Q1	1.64250779	0.677672663	3.898963087	5.349160122	1.715062156	0.38	2.46
1962 - Q2	0.604576778	0.766579698	-0.766301045	5.357329957	0.670460898	0.38	2.61
1962 - Q3	0.434591971	0.32682374	0.725708097	5.350672086	1.062827036	0.32	2.85
1962 - Q4	-0.359484476	0.467728385	-1.930281378	5.338673227	1.665703496	0.17	2.92
1963 - Q1	0.76777138	0.007478537	3.220999115	5.339834142	0.8568805	0.33	2.97
1963 - Q2	0.902504903	0.333584358	1.543610873	5.341816475	0.810870187	0.36	2.96
1963 - Q3	1.46906734	1.301053946	1.846678481	5.340408673	1.17961503	0.37	3.33
1963 - Q4	0.504504631	0.05795725	1.223315691	5.343926023	0.99501886	0.48	3.45
1964 - Q1	1.728750835	1.403983171	2.811504414	5.358118267	-0.04587318	0.44	3.46
1964 - Q2	0.6834391	1.142510585	0.14023944	5.358464336	1.600769828	0.31	3.49
1964 - Q3	0.823921396	1.065173348	1.42451549	5.360549781	1.328285714	0.29	3.46
1964 - Q4	-0.140009599	0.358715502	-0.836763613	5.365825029	0.621119573	0.26	3.58
1965 - Q1	2.088175836	0.588972421	8.798262352	5.377134547	0.169684754	0.37	3.97
1965 - Q2	0.917618801	1.074336119	-0.849060572	5.382958723	0.752759687	0.31	4.08
1965 - Q3	1.617532299	1.144742447	2.392343203	5.381987873	1.824500179	0.3	4.07
1965 - Q4	2.080461505	2.059524391	1.437261715	5.388074322	1.996610391	0.33	4.17
1966 - Q1	2.190391164	0.943301932	5.757954347	5.399716434	1.516300412	0.51	4.56
1966 - Q2	-0.052276669	0.686910539	-3.006416112	5.40668165	1.591211226	0.81	4.91
1966 - Q3	0.46630253	0.398911124	-0.169606812	5.408493404	2.05985309	0.83	5.41
1966 - Q4	0.551631293	0.149518213	0.199832264	5.402808355	2.058207086	0.87	5.56
1967 - Q1	0.52051881	0.55509873	-3.236982979	5.398369865	1.459666198	0.55	4.82
1967 - Q2	-0.436174398	0.372775956	-2.088797534	5.388497538	1.836438028	0.66	3.99
1967 - Q3	0.36971217	0.212260527	1.0892437	5.386862882	1.718477929	0.9	3.89
1967 - Q4	0.316662033	-0.02050863	1.033123061	5.386868266	1.818339784	0.99	4.17
1968 - Q1	1.66242817	1.333306603	3.035209051	5.384743174	2.800719527	1.12	4.79
1968 - Q2	1.274932533	1.060263844	2.329523222	5.390907942	1.608583094	1.15	5.98
1968 - Q3	0.300760173	1.123611909	-1.057919347	5.393804584	1.933929888	1.11	5.94
1968 - Q4	-0.032476192	-0.077598808	0.32270025	5.395213536	1.690515253	1.16	5.92
1969 - Q1	1.153528675	0.576229557	4.200628059	5.400057769	1.268743501	1.1	6.57
1969 - Q2	-0.162137445	0.451452572	-1.568939148	5.405207521	1.547989233	1.2	8.33
1969 - Q3	0.179411276	0.094398388	0.062723187	5.405705936	2.427809247	1.15	8.98
1969 - Q4	-0.910117596	0.516207975	-4.150243258	5.397836002	2.261945676	1.17	8.94
1970 - Q1	-0.649652993	0.392478351	-3.792388653	5.38869065	2.119700892	1.08	8.57
1970 - Q2	-0.397539767	-0.406844088	-0.062212668	5.370089468	2.242724514	1.12	7.88
1970 - Q3	0.317052846	0.6196321	-0.054979523	5.359312113	1.803494358	1.11	6.7
1970 - Q4	-1.634850961	0.160230444	-6.759354752	5.345831979	1.037654392	1.4	5.57
1971 - Q1	2.167751157	-0.637323292	11.09727504	5.344948722	2.327567709	1.26	3.86
1971 - Q2	-0.030192569	0.006128646	1.890060384	5.34247616	1.54685996	1.14	4.56
1971 - Q3	0.251693195	0.123280366	0.924518387	5.336958419	1.576757943	0.94	5.47
1971 - Q4	-0.283133821	0.659151031	-1.461802711	5.341928388	0.756747365	0.57	4.75
1972 - Q1	0.55535401	-0.503956069	3.145495992	5.342774672	2.389478405	0.96	3.54
1972 - Q2	1.834110505	1.262601788	4.244346251	5.344659389	1.360685995	0.68	4.3
1972 - Q3	0.475708288	0.858316069	1.450262271	5.344960184	1.363151894	0.75	4.74
1972 - Q4	1.300041945	1.194931291	1.871385013	5.350578002	2.223168618	0.63	5.14
1973 - Q1	1.888872372	0.545376347	4.563754164	5.360426457	2.121823377	0.69	6.54
1973 - Q2	0.518798238	0.117409082	1.335206935	5.36567455	1.372610748	1.37	7.82
1973 - Q3	-1.017231952	0.227565295	-3.660967443	5.367250694	1.684200624	1.32	10.56
1973 - Q4	0.708807187	0.190074812	1.277653769	5.367147658	2.223519238	1.39	10
1974 - Q1	-1.534122954	0.043008507	-6.521194777	5.357747232	2.565185807	1.7	9.32
1974 - Q2	-0.110718549	0.42885245	0.487060168	5.355284178	2.114044426	2.46	11.25
1974 - Q3	-1.638769842	-0.69366406	-3.880349889	5.34679531	2.780801414	2.82	12.09
1974 - Q4	-0.990713455	-1.238416408	-3.22710039	5.325114166	3.064171841	2.42	9.35
1975 - Q1	-1.699252401	-0.207774868	-11.60393039	5.288405308	3.589984226	1.94	6.3
1975 - Q2	0.324231136	0.822669084	-1.066528565	5.274391888	2.246163949	1.52	5.42
1975 - Q3	1.096903387	0.240300869	6.015079691	5.277823692	1.840440736	1.5	6.16
1975 - Q4	0.811285442	0.208581744	1.936131452	5.289931359	1.371856271	1.61	5.41
1976 - Q1	1.73343616	0.9530468	7.253918735	5.301550536	1.823432157	1.51	4.83
1976 - Q2	0.308901973	0.275881718	2.835384656	5.297412406	2.255692124	1.19	5.2
1976 - Q3	0.025825111	0.788660206	0.091306073	5.296564353	1.936284196	1.55	5.28
1976 - Q4	0.373797482	0.650641307	0.838011721	5.29747046	1.983897377	1.55	4.87
1977 - Q1	0.721030623	0.516242339	3.972990923	5.303685831	1.538968638	1.65	4.66
1977 - Q2	1.328553392	0.08893067	4.319862153	5.317899099	1.37518889	1.52	5.16
1977 - Q3	1.125666457	0.574829067	3.209109447	5.323661007	1.687520999	1.66	5.82
1977 - Q4	0.023362728	0.709365614	0.260395602	5.328935031	2.056540118	1.46	6.51
1978 - Q1	-0.268264223	0.773009668	-0.576439226	5.32925292	2.415172261	1.58	6.76
1978 - Q2	3.337208391	1.01156285	6.05124947	5.353759363	0.843422448	1.72	7.28
1978 - Q3	0.452227148	0.336161702	1.020992737	5.357566231	1.923654162	1.71	8.1
1978 - Q4	0.918125913	0.217361232	1.478337679	5.364952591	2.026528203	1.78	9.58
1979 - Q1	-0.327918842	0.432289526	-0.937716623	5.367546547	2.402456596	1.35	10.07
1979 - Q2	-0.295642276	0.341464195	-1.317385645	5.367385244	1.767334192	2.17	10.18
1979 - Q3	0.358042717	0.848850002	-0.604330918	5.371167837	1.90625075	1.82	10.95
1979 - Q4	-0.205653765	0.745177143	-2.517273764	5.367959712	2.537003119	2.06	13.58
1980 - Q1	-0.190765063	0.411103409	-1.393797617	5.361319253	2.823899645	2.41	15.05
1980 - Q2	-2.456791715	-1.106889347	-10.352398	5.339803817	3.145121167	2.21	12.69
1980 - Q3	-0.595324523	0.302115305	-4.653906103	5.3310685	2.425853168	2.2	9.84
1980 - Q4	1.440443459	0.50820053	6.176207521	5.339871356	2.512827729	2.4	15.85
1981 - Q1	1.623028002	-0.106000312	6.787976848	5.341908865	2.457122238	2.19	16.57
1981 - Q2	-1.025040688	0.107161263	-4.195704326	5.338975258	1.812647446	1.86	17.78
1981 - Q3	0.801603874	-0.486374148	4.244483745	5.335245949	2.126746784	1.82	17.58
1981 - Q4	-1.511345535	-0.335007835	-5.156673765	5.328009819	1.890519097	1.75	13.59
1982 - Q1	-2.001975333	-0.077029954	-7.488186772	5.308815969	2.894710333	1.43	14.23
1982 - Q2	0.206021857	-0.206748694	-0.622571351	5.309634056	0.62871735	1.33	14.51
1982 - Q3	-0.641754559	0.813427168	-1.567600736	5.299612251	1.736322117	1.59	11.01
1982 - Q4	-0.202213833	1.292297183	-5.74430076	5.287491865	1.631241452	1.39	9.29
1983 - Q1	0.930147611	0.735753665	1.289564785	5.290689424	0.839749761	1.35	8.65
1983 - Q2	1.961241659	1.248505824	7.318247458	5.299190737	0.787724741	0.77	8.8
1983 - Q3	1.670876909	1.574627119	4.34724805	5.315843854	0.114898258	1.51	9.46
1983 - Q4	1.769483135	0.745976828	7.682523475	5.331517097	0.747693576	0.8	9.43
1984 - Q1	1.533177383	-0.00369185	6.459649366	5.346353797	1.346557922	1	9.69
1984 - Q2	1.412903982	1.147446512	2.182924026	5.357008694	0.939274248	1.16	10.56
1984 - Q3	0.688597389	0.673286067	0.688033806	5.358926655	1.552179041	0.94	11.39
1984 - Q4	0.555753808	0.812551735	-0.664535744	5.362461951	1.019668071	0.72	9.27
1985 - Q1	0.685244899	1.189737278	-2.280269734	5.368413589	1.089314445	1.21	8.48
1985 - Q2	0.660190897	0.935820265	1.125003029	5.372491127	0.850689699	0.78	7.92
1985 - Q3	1.222809593	1.202659163	0.616893918	5.372567726	1.337055137	0.84	7.9
1985 - Q4	0.501174715	0.79470561	1.057814207	5.374331685	1.493904206	0.83	8.1
1986 - Q1	0.465784417	0.478181862	-0.181525824	5.36798022	1.502146334	1.09	7.83
1986 - Q2	0.152945523	-0.106733983	-0.350545328	5.362865695	1.160013164	0.88	6.92
1986 - Q3	0.613779963	0.422820662	0.616828127	5.365055288	0.903022548	0.93	6.21
1986 - Q4	0.13814238	0.738246032	-1.046956289	5.369699138	1.132761028	0.96	6.27
1987 - Q1	0.348401744	1.115459842	-0.650094412	5.378105649	0.562224657	0.93	6.22
1987 - Q2	0.777774777	0.933511371	1.092868909	5.38091214	0.98365974	0.87	6.65
1987 - Q3	0.594111949	0.642487299	0.860203804	5.385188224	1.008525469	0.99	6.84
1987 - Q4	1.49816809	0.716939196	3.623752854	5.392998273	1.359962485	1.01	6.92
1988 - Q1	0.259904895	1.106908187	-2.614222054	5.391155985	1.666594462	1.04	6.66
1988 - Q2	1.023932905	0.828411635	0.810407681	5.403066653	0.758677486	1.19	7.16
1988 - Q3	0.21377209	1.01876305	-1.230109736	5.403361941	1.373349907	1.15	7.98
1988 - Q4	1.055111572	0.916222293	1.464678316	5.412160783	0.665826981	1.06	8.47
1989 - Q1	0.740402604	0.490477455	1.770197447	5.419132559	0.471985091	1.15	9.44
1989 - Q2	0.516574033	0.608013461	-1.136086244	5.420946735	0.54807323	0.88	9.73
1989 - Q3	0.540660497	0.53304049	-0.582651328	5.420921186	0.945875993	0.69	9.08
1989 - Q4	0.027193272	1.065730526	-2.072113747	5.418832574	1.5700541	0.92	8.61
1990 - Q1	0.232539883	-0.086031533	0.621739074	5.413192172	1.75996846	1.22	8.25
1990 - Q2	0.186202893	0.772222902	-2.410694553	5.405885457	2.296928884	1.31	8.24
1990 - Q3	-0.241902908	0.882040977	-2.651039434	5.396851671	1.903636203	1.01	8.16
1990 - Q4	-1.169484195	-0.105048366	-5.979034169	5.389214103	0.837997738	0.85	7.74
1991 - Q1	-0.69425859	-0.609256235	-4.087820492	5.37647914	1.501038484	1.02	6.43
1991 - Q2	0.482206753	0.547411561	-0.923135201	5.368253797	1.63204036	0.83	5.86
1991 - Q3	0.19767927	0.037540037	1.379844846	5.364616561	1.164544554	0.99	5.64
1991 - Q4	0.128316865	0.194436026	0.865323048	5.360608837	1.22618883	0.86	4.82
1992 - Q1	0.813945623	1.513484757	-1.197518038	5.353525529	2.401015984	0.94	4.02
1992 - Q2	0.855661586	0.506654232	3.672162492	5.355282117	1.038274534	0.74	3.77
1992 - Q3	0.778882888	0.983327217	0.922147108	5.354458815	1.021962424	0.61	3.26
1992 - Q4	0.739982254	0.908361744	2.029257242	5.358135118	0.381646306	0.63	3.04
1993 - Q1	-0.084505528	0.017508632	1.170078492	5.364225332	0.129126941	0.55	3.04
1993 - Q2	0.414562433	0.445631543	1.322237626	5.373661715	0.026471574	0.63	3
1993 - Q3	0.253169979	0.676486529	-0.070301336	5.375663415	0.655358064	0.46	3.06
1993 - Q4	1.058203291	0.394122968	3.772968835	5.380986827	0.210753279	0.47	2.99
1994 - Q1	0.707046137	0.559877111	3.098780906	5.382601703	1.340640163	0.5	3.21
1994 - Q2	1.129052192	0.506633527	3.681831776	5.3971747	-0.371945527	0.64	3.94
1994 - Q3	0.40642033	0.76219784	-1.027609744	5.406352135	-0.240457325	0.67	4.49
1994 - Q4	0.8128847	0.334164818	3.522569244	5.409564292	0.779291561	0.51	5.17
1995 - Q1	0.078487565	0.264203485	-0.497434233	5.414921072	0.86470181	0.58	5.81
1995 - Q2	0.002285063	0.814024457	-1.90752591	5.413410239	0.804036079	0.59	6.02
1995 - Q3	0.625461341	0.46281284	-0.164751251	5.421128433	0.04621104	0.49	5.8
1995 - Q4	0.415056893	0.290922573	1.46758164	5.419363447	0.872783461	0.49	5.72
1996 - Q1	0.509083583	0.792350227	0.39150194	5.41564972	1.047492458	0.43	5.36
1996 - Q2	1.475936146	1.051390795	3.360038582	5.421377357	0.764755349	0.45	5.24
1996 - Q3	0.403161856	0.363334029	2.074384127	5.42631145	0.566976215	0.49	5.31
1996 - Q4	0.879144044	0.746034603	-0.071575858	5.435557972	0.094124618	0.58	5.28
1997 - Q1	0.439109949	0.432528751	1.704090941	5.442108518	0.484490821	0.48	5.28
1997 - Q2	1.041780664	0.297660087	2.035765923	5.445459336	0.826290519	0.54	5.52
1997 - Q3	1.054311964	1.172810692	2.118361253	5.448440297	1.100030516	0.26	5.53
1997 - Q4	0.475454932	0.774039121	0.897713104	5.450586046	1.603559449	0.37	5.51
1998 - Q1	0.7349481	0.799695565	2.423043286	5.453966381	1.576406473	0.34	5.52
1998 - Q2	0.637440175	1.101299562	-0.115607172	5.455800254	1.259686178	0.37	5.5
1998 - Q3	1.039123749	0.932442	1.873999697	5.454603347	1.498174926	0.38	5.53
1998 - Q4	1.456284287	0.776818632	3.350536369	5.465389205	0.222600504	0.37	4.86
1999 - Q1	0.532846967	0.792725581	1.196646991	5.461920706	1.880938118	0.39	4.73
1999 - Q2	0.441996915	1.122308678	0.230053848	5.466105832	0.289926696	0.35	4.75
1999 - Q3	0.98978418	1.037647517	1.624800186	5.469854149	0.719542524	0.34	5.09
1999 - Q4	1.426882522	1.452849033	1.670268701	5.470051491	2.028483734	0.4	5.31
2000 - Q1	-1.096481413	-0.165453949	-0.832637568	5.460169307	3.039703526	0.61	5.68
2000 - Q2	1.621151553	1.095742015	3.072653921	5.457523033	0.643125632	0.31	6.27
2000 - Q3	-0.222175107	0.714691382	-1.246642924	5.454221159	1.988082121	0.41	6.52
2000 - Q4	0.308216248	0.771393216	-0.430450496	5.447281139	1.080419223	0.48	6.47
2001 - Q1	-0.594345079	0.134192321	-4.109368682	5.443230109	1.966963373	0.6	5.59
2001 - Q2	0.341507283	0.107761152	-1.328167454	5.429854162	0.807600719	0.38	4.33
2001 - Q3	-0.598466837	-0.193380685	-1.55540789	5.415016807	0.928714317	0.23	3.5
2001 - Q4	0.058971084	0.094119654	-1.408949475	5.400328361	1.348326575	0.51	2.13
2002 - Q1	0.592510486	0.376800907	0.58413008	5.389210276	1.867030762	0.34	1.73
2002 - Q2	0.288548119	0.71175886	0.271511537	5.388644824	0.843900109	0.59	1.75
2002 - Q3	0.187508865	0.23989524	0.243913043	5.382561838	0.75277246	0.52	1.74
2002 - Q4	-0.291862308	0.359599002	-1.245622696	5.380667432	0.626231593	0.35	1.44
2003 - Q1	-0.314251048	0.144849894	-1.46279261	5.367857825	1.871825511	0.24	1.25
2003 - Q2	0.49372052	0.132605056	0.712050446	5.36189099	1.731309143	0.38	1.25
2003 - Q3	1.3329584	1.003755566	2.645615754	5.360066693	1.090061824	0.43	1.02
2003 - Q4	0.536351186	0.320234522	1.812475354	5.3614541	0.708610417	0.41	1
2004 - Q1	0.682686021	0.994060751	0.532916178	5.36543723	0.136150835	0.6	1
2004 - Q2	0.422508126	0.246623429	2.555825218	5.363309938	1.40193692	0.65	1.01
2004 - Q3	0.405642266	0.461042348	0.864713758	5.365695408	1.235451427	0.5	1.44
2004 - Q4	0.547852657	0.925099653	1.509785275	5.36893173	0.59575049	0.46	1.95
2005 - Q1	0.711800516	0.253145827	1.110859892	5.368158875	0.962552379	0.71	2.47
2005 - Q2	0.143734475	0.478425145	-0.550139236	5.371521493	0.566476527	0.54	2.94
2005 - Q3	0.423700632	0.680619849	0.360905915	5.369982538	1.589242263	0.4	3.46
2005 - Q4	0.180539703	0.501461445	1.212500157	5.372844955	0.470486244	0.66	3.97
2006 - Q1	1.05694552	0.23027604	1.940843079	5.380041352	1.044361591	0.49	4.46
2006 - Q2	0.058643897	0.377322913	-0.943808636	5.379033883	0.703651527	0.72	4.9
2006 - Q3	-0.293521999	0.359916853	-1.403337197	5.380920716	0.352467589	0.56	5.25
2006 - Q4	0.398222631	0.220096133	-1.852925975	5.380782232	1.892217618	0.51	5.25
2007 - Q1	-0.187390652	0.190683682	-1.530389516	5.376581677	1.38805361	0.73	5.26
2007 - Q2	0.51827159	0.250557941	0.71181867	5.377279472	0.397046271	0.42	5.25
2007 - Q3	0.261667585	0.273984458	-1.139412007	5.370893676	1.014503956	0.53	5.07
2007 - Q4	0.406867676	1.010889802	-1.98329796	5.365009346	1.736810061	0.7	4.5
2008 - Q1	-0.164405167	0.840076511	-3.280454669	5.362458903	1.529568848	0.63	3.18
2008 - Q2	-0.04245691	0.420582681	-2.30457119	5.355653122	0.361254712	0.65	2.09
2008 - Q3	-1.304569656	-0.780346506	-4.373894734	5.341177572	1.217408418	0.53	1.94
2008 - Q4	-2.047891375	-1.7712611	-9.1851201	5.312806218	1.510020718	0.15	0.51
2009 - Q1	-1.324082222	-1.002743341	-9.631358534	5.286556448	0.01748731	0.22	0.18
2009 - Q2	-0.422586989	-0.150445243	-4.852951315	5.262273654	2.468907771	0.56	0.18
2009 - Q3	0.114888209	0.439499233	1.838189772	5.247354066	0.96309769	0.37	0.16
2009 - Q4	0.932308093	0.805541965	3.119722862	5.244794897	0.401093578	0.51	0.12
2010 - Q1	0.82673761	0.553033534	3.984162375	5.24473828	0.237517552	0.31	0.13
2010 - Q2	0.219449174	-0.243901916	3.349443683	5.250810022	0.59057341	0.26	0.19
2010 - Q3	0.364376746	-0.043659281	1.906021418	5.251819598	0.476014681	0.13	0.19
2010 - Q4	0.502903506	0.725188119	-1.657344563	5.252806712	0.441158684	0.11	0.19
2011 - Q1	0.399467856	0.860052046	2.268463518	5.255959903	0.191904885	0.36	0.16
2011 - Q2	0.413349277	0.497667902	0.280941017	5.263538228	0.123420383	0.42	0.16
